2016_06_16_20_42_56,0250,1,0,69
2016_06_16_20_43_05,0250,0,0,0
2016_06_16_20_43_14,0250,0,0,0
2016_06_16_20_43_23,0250,0,0,0
2016_06_16_20_43_32,0250,0,0,0
2016_06_16_20_43_41,0250,0,0,0
2016_06_16_20_43_51,0250,0,0,99
2016_06_16_20_43_59,0250,0,0,74
2016_06_16_20_44_08,0250,0,0,163
2016_06_16_20_44_17,0250,0,0,1
2016_06_16_20_44_26,0250,0,0,155
2016_06_16_20_44_37,0250,0,12,178
2016_06_16_20_44_45,0250,0,12,69
2016_06_16_20_44_53,0250,0,12,14
2016_06_16_20_45_03,0250,0,12,149
2016_06_16_20_45_12,0250,0,0,10
2016_06_16_20_45_21,0250,0,0,2
2016_06_16_20_45_30,0250,0,0,46
2016_06_16_20_45_39,0250,0,0,155
2016_06_16_20_45_48,0250,0,24,75
2016_06_16_20_45_58,0250,0,0,61
2016_06_16_20_46_06,0250,0,0,107
2016_06_16_20_46_16,0250,0,12,93
2016_06_16_20_46_25,0250,0,0,129
2016_06_16_20_46_34,0250,0,12,248
2016_06_16_20_46_43,0250,0,0,98
2016_06_16_20_46_53,0250,0,0,34
2016_06_16_20_47_01,0250,0,12,110
2016_06_16_20_47_10,0250,0,12,0
2016_06_16_20_47_19,0250,0,0,0
2016_06_16_20_47_28,0250,0,0,0
2016_06_16_20_47_37,0250,0,24,0
