2016_06_16_20_15_01,0250,1,0,38
2016_06_16_20_15_10,0250,0,0,0
2016_06_16_20_15_19,0250,0,0,0
2016_06_16_20_15_28,0250,0,0,0
2016_06_16_20_15_37,0250,0,0,0
2016_06_16_20_15_46,0250,0,0,0
2016_06_16_20_15_56,0250,0,0,186
2016_06_16_20_16_05,0250,0,12,192
2016_06_16_20_16_15,0250,0,24,67
2016_06_16_20_16_23,0250,0,12,118
2016_06_16_20_16_32,0250,0,0,225
2016_06_16_20_16_41,0250,0,12,231
2016_06_16_20_16_50,0250,0,12,114
2016_06_16_20_17_01,0250,0,12,230
2016_06_16_20_17_09,0250,0,0,36
2016_06_16_20_17_18,0250,0,0,1
2016_06_16_20_17_27,0250,0,0,35
2016_06_16_20_17_36,0250,0,12,175
2016_06_16_20_17_46,0250,0,12,180
2016_06_16_20_17_56,0250,0,12,253
2016_06_16_20_18_04,0250,0,24,224
2016_06_16_20_18_13,0250,0,0,8
2016_06_16_20_18_22,0250,0,12,243
2016_06_16_20_18_31,0250,0,12,225
2016_06_16_20_18_40,0250,0,12,243
2016_06_16_20_18_49,0250,0,0,246
2016_06_16_20_18_59,0250,0,0,0
2016_06_16_20_19_08,0250,0,12,0
2016_06_16_20_19_17,0250,0,0,0
2016_06_16_20_19_26,0250,0,0,0
2016_06_16_20_19_35,0250,0,0,0
2016_06_16_20_19_44,0250,0,0,0
