2016_06_16_17_07_26,0550,1,0,27
2016_06_16_17_07_34,0550,0,0,0
2016_06_16_17_07_43,0550,0,0,0
2016_06_16_17_07_53,0550,0,0,0
2016_06_16_17_08_02,0550,0,0,0
2016_06_16_17_08_11,0550,0,0,0
2016_06_16_17_08_22,0550,0,0,0
2016_06_16_17_08_30,0550,0,0,0
2016_06_16_17_08_39,0550,0,0,0
2016_06_16_17_08_48,0550,0,0,0
2016_06_16_17_08_57,0550,0,0,0
2016_06_16_17_09_06,0550,0,0,0
2016_06_16_17_09_25,0550,0,0,0
2016_06_16_17_09_34,0550,0,0,0
2016_06_16_17_09_44,0550,0,0,0
2016_06_16_17_09_52,0550,0,0,0
2016_06_16_17_10_02,0550,0,0,0
2016_06_16_17_10_11,0550,0,0,0
2016_06_16_17_10_20,0550,0,0,0
2016_06_16_17_10_29,0550,0,0,0
2016_06_16_17_10_38,0550,0,0,0
2016_06_16_17_10_49,0550,0,0,0
2016_06_16_17_10_57,0550,0,0,0
2016_06_16_17_11_06,0550,0,0,0
2016_06_16_17_11_15,0550,0,0,0
2016_06_16_17_11_24,0550,0,0,0
2016_06_16_17_11_35,0550,0,0,0
2016_06_16_17_11_43,0550,0,0,0
2016_06_16_17_11_52,0550,0,0,0
2016_06_16_17_12_02,0550,0,0,0
2016_06_16_17_12_11,0550,0,0,0
