2016_06_16_20_28_46,0550,1,0,30
2016_06_16_20_28_55,0550,0,0,0
2016_06_16_20_29_03,0550,0,0,0
2016_06_16_20_29_12,0550,0,0,0
2016_06_16_20_29_22,0550,0,0,63
2016_06_16_20_29_31,0550,0,0,0
2016_06_16_20_29_40,0550,1,0,69
2016_06_16_20_29_49,0550,1,0,46
2016_06_16_20_29_58,0550,1,0,43
2016_06_16_20_30_07,0550,1,0,40
2016_06_16_20_30_17,0550,1,12,41
2016_06_16_20_30_26,0550,1,12,36
2016_06_16_20_30_36,0550,1,12,32
2016_06_16_20_30_45,0550,1,12,30
2016_06_16_20_30_55,0550,1,0,26
2016_06_16_20_31_03,0550,1,12,28
2016_06_16_20_31_13,0550,1,12,32
2016_06_16_20_31_22,0550,1,12,31
2016_06_16_20_31_31,0550,1,0,31
2016_06_16_20_31_41,0550,1,24,30
2016_06_16_20_31_50,0550,1,12,39
2016_06_16_20_31_59,0550,1,12,38
2016_06_16_20_32_08,0550,1,12,52
2016_06_16_20_32_17,0550,1,24,64
2016_06_16_20_32_27,0550,1,12,57
2016_06_16_20_32_36,0550,1,12,61
2016_06_16_20_32_46,0550,1,0,60
2016_06_16_20_33_04,0550,0,0,55
2016_06_16_20_33_13,0550,0,12,68
2016_06_16_20_33_22,0550,0,0,70
2016_06_16_20_33_32,0550,0,0,90
