2016_06_16_17_35_48,0250,1,0,165
2016_06_16_17_35_57,0250,0,0,0
2016_06_16_17_36_06,0250,0,0,0
2016_06_16_17_36_15,0250,0,0,0
2016_06_16_17_36_24,0250,0,0,0
2016_06_16_17_36_33,0250,0,0,0
2016_06_16_17_36_43,0250,0,0,98
2016_06_16_17_36_51,0250,0,12,171
2016_06_16_17_37_01,0250,0,0,228
2016_06_16_17_37_09,0250,0,12,139
2016_06_16_17_37_18,0250,0,12,208
2016_06_16_17_37_27,0250,0,24,163
2016_06_16_17_37_37,0250,1,12,170
2016_06_16_17_37_45,0250,0,12,171
2016_06_16_17_37_55,0250,0,24,112
2016_06_16_17_38_05,0250,0,24,238
2016_06_16_17_38_13,0250,1,12,11
2016_06_16_17_38_22,0250,0,0,201
2016_06_16_17_38_32,0250,1,12,143
2016_06_16_17_38_41,0250,0,24,131
2016_06_16_17_38_51,0250,1,12,240
2016_06_16_17_39_08,0250,0,12,62
2016_06_16_17_39_17,0250,1,12,136
2016_06_16_17_39_26,0250,0,12,2
2016_06_16_17_39_36,0250,0,12,157
2016_06_16_17_39_45,0250,1,12,9
2016_06_16_17_39_54,0250,0,12,0
2016_06_16_17_40_02,0250,0,24,0
2016_06_16_17_40_11,0250,0,0,0
2016_06_16_17_40_20,0250,0,0,0
2016_06_16_17_40_29,0250,0,0,0
