2016_06_16_16_35_47,0550,1,0,23
2016_06_16_16_35_56,0550,0,0,0
2016_06_16_16_36_05,0550,0,0,0
2016_06_16_16_36_15,0550,0,0,0
2016_06_16_16_36_24,0550,0,0,0
2016_06_16_16_36_33,0550,0,0,0
2016_06_16_16_36_42,0550,1,0,44
2016_06_16_16_36_51,0550,1,0,63
2016_06_16_16_37_00,0550,1,12,88
2016_06_16_16_37_10,0550,12,24,88
2016_06_16_16_37_19,0550,1,12,73
2016_06_16_16_37_29,0550,1,0,104
2016_06_16_16_37_38,0550,1,12,145
2016_06_16_16_37_47,0550,0,0,159
2016_06_16_16_37_57,0550,1,0,175
2016_06_16_16_38_06,0550,0,12,195
2016_06_16_16_38_15,0550,1,12,187
2016_06_16_16_38_25,0550,1,12,188
2016_06_16_16_38_34,0550,1,0,191
2016_06_16_16_38_43,0550,1,12,136
2016_06_16_16_39_02,0550,1,12,100
2016_06_16_16_39_12,0550,1,0,88
2016_06_16_16_39_21,0550,1,0,119
2016_06_16_16_39_30,0550,0,0,167
2016_06_16_16_39_40,0550,1,0,133
2016_06_16_16_39_48,0550,1,12,0
2016_06_16_16_39_58,0550,0,0,0
2016_06_16_16_40_07,0550,0,0,0
2016_06_16_16_40_16,0550,0,0,0
2016_06_16_16_40_25,0550,0,0,0
2016_06_16_16_40_34,0550,0,0,0
