2016_06_16_17_48_52,0250,1,0,114
2016_06_16_17_49_02,0250,0,0,0
2016_06_16_17_49_10,0250,0,0,0
2016_06_16_17_49_29,0250,0,0,0
2016_06_16_17_49_38,0250,0,0,0
2016_06_16_17_49_47,0250,0,0,0
2016_06_16_17_49_56,0250,0,0,203
2016_06_16_17_50_05,0250,0,0,0
2016_06_16_17_50_14,0250,0,0,0
2016_06_16_17_50_23,0250,0,0,0
2016_06_16_17_50_34,0250,0,0,0
2016_06_16_17_50_42,0250,0,0,0
2016_06_16_17_50_50,0250,0,0,0
2016_06_16_17_50_59,0250,0,0,0
2016_06_16_17_51_08,0250,0,0,0
2016_06_16_17_51_17,0250,0,0,0
2016_06_16_17_51_27,0250,0,0,0
2016_06_16_17_51_36,0250,0,0,0
2016_06_16_17_51_46,0250,0,0,0
2016_06_16_17_51_54,0250,0,0,0
2016_06_16_17_52_03,0250,0,0,0
2016_06_16_17_52_23,0250,0,0,0
2016_06_16_17_52_48,0250,0,0,0
2016_06_16_17_53_07,0250,1,0,180
2016_06_16_17_53_17,0250,0,0,0
2016_06_16_17_53_26,0250,0,0,0
2016_06_16_17_53_34,0250,0,0,0
2016_06_16_17_53_43,0250,0,0,0
2016_06_16_17_53_54,0250,0,0,0
