2016_06_16_16_41_23,0550,1,0,32
2016_06_16_16_41_32,0550,0,0,0
2016_06_16_16_41_41,0550,0,0,0
2016_06_16_16_41_50,0550,0,0,0
2016_06_16_16_42_00,0550,0,12,0
2016_06_16_16_42_08,0550,0,0,0
2016_06_16_16_42_17,0550,0,0,46
2016_06_16_16_42_27,0550,1,12,36
2016_06_16_16_42_36,0550,1,12,49
2016_06_16_16_42_45,0550,1,12,64
2016_06_16_16_42_55,0550,1,0,115
2016_06_16_16_43_05,0550,1,0,99
2016_06_16_16_43_13,0550,1,12,124
2016_06_16_16_43_23,0550,1,0,164
2016_06_16_16_43_33,0550,1,0,191
2016_06_16_16_43_41,0550,1,12,174
2016_06_16_16_43_52,0550,1,12,144
2016_06_16_16_44_00,0550,1,12,138
2016_06_16_16_44_10,0550,1,0,150
2016_06_16_16_44_19,0550,1,12,183
2016_06_16_16_44_28,0550,1,0,179
2016_06_16_16_44_38,0550,0,12,182
2016_06_16_16_44_47,0550,1,0,160
2016_06_16_16_44_56,0550,1,12,166
2016_06_16_16_45_07,0550,1,0,131
2016_06_16_16_45_16,0550,1,12,99
2016_06_16_16_45_24,0550,0,12,0
2016_06_16_16_45_33,0550,0,0,0
2016_06_16_16_45_42,0550,0,0,0
2016_06_16_16_45_51,0550,0,0,0
2016_06_16_16_46_01,0550,0,0,0
2016_06_16_16_46_10,0550,0,0,0
