2016_06_16_20_21_41,0250,1,0,180
2016_06_16_20_21_51,0250,0,0,0
2016_06_16_20_22_00,0250,0,0,0
2016_06_16_20_22_09,0250,0,0,0
2016_06_16_20_22_19,0250,0,0,0
2016_06_16_20_22_27,0250,0,0,0
2016_06_16_20_22_36,0250,0,0,71
2016_06_16_20_22_46,0250,0,0,0
2016_06_16_20_22_56,0250,0,0,0
2016_06_16_20_23_03,0250,0,0,0
2016_06_16_20_23_12,0250,0,0,104
2016_06_16_20_23_21,0250,0,0,0
2016_06_16_20_23_30,0250,0,0,0
2016_06_16_20_23_40,0250,0,0,0
2016_06_16_20_23_49,0250,0,0,0
2016_06_16_20_23_58,0250,0,0,0
2016_06_16_20_24_07,0250,0,0,0
2016_06_16_20_24_16,0250,0,0,208
2016_06_16_20_24_25,0250,0,0,0
2016_06_16_20_24_34,0250,0,0,0
2016_06_16_20_24_43,0250,0,0,0
2016_06_16_20_24_52,0250,0,0,0
2016_06_16_20_25_01,0250,0,0,0
2016_06_16_20_25_10,0250,0,0,0
2016_06_16_20_25_19,0250,0,0,0
2016_06_16_20_25_29,0250,0,0,0
2016_06_16_20_25_38,0250,0,0,0
2016_06_16_20_25_47,0250,0,0,0
2016_06_16_20_25_56,0250,0,0,0
2016_06_16_20_26_06,0250,0,0,0
2016_06_16_20_26_14,0250,0,0,0
2016_06_16_20_26_23,0250,0,0,0
