2016_06_16_20_06_21,0250,1,0,14
2016_06_16_20_06_30,0250,0,0,0
2016_06_16_20_06_38,0250,0,0,0
2016_06_16_20_06_48,0250,0,0,0
2016_06_16_20_06_57,0250,0,0,0
2016_06_16_20_07_05,0250,0,0,0
2016_06_16_20_07_15,0250,0,0,60
2016_06_16_20_07_24,0250,1,12,211
2016_06_16_20_07_32,0250,1,0,68
2016_06_16_20_07_42,0250,1,24,147
2016_06_16_20_07_51,0250,1,0,99
2016_06_16_20_08_00,0250,1,12,44
2016_06_16_20_08_09,0250,1,12,34
2016_06_16_20_08_18,0250,1,24,37
2016_06_16_20_08_27,0250,1,12,21
2016_06_16_20_08_37,0250,1,24,46
2016_06_16_20_08_46,0250,1,12,250
2016_06_16_20_08_55,0250,1,0,2
2016_06_16_20_09_04,0250,1,12,17
2016_06_16_20_09_13,0250,1,12,153
2016_06_16_20_09_22,0250,1,24,185
2016_06_16_20_09_31,0250,1,12,151
2016_06_16_20_09_41,0250,1,12,236
2016_06_16_20_09_50,0250,1,24,182
2016_06_16_20_09_59,0250,1,12,136
2016_06_16_20_10_07,0250,1,12,90
2016_06_16_20_10_17,0250,1,24,187
2016_06_16_20_10_26,0250,0,12,161
2016_06_16_20_10_35,0250,0,12,214
2016_06_16_20_10_44,0250,0,12,121
2016_06_16_20_10_52,0250,0,24,125
2016_06_16_20_11_01,0250,0,12,135
