2016_06_16_17_54_38,0250,0,0,0
2016_06_16_17_54_47,0250,0,0,0
2016_06_16_17_54_56,0250,0,0,0
2016_06_16_17_55_05,0250,0,0,0
2016_06_16_17_55_14,0250,0,12,0
2016_06_16_17_55_23,0250,0,0,0
2016_06_16_17_55_34,0250,0,0,0
2016_06_16_17_55_42,0250,0,0,0
2016_06_16_17_55_51,0250,0,0,154
2016_06_16_17_56_09,0250,0,12,0
2016_06_16_17_56_18,0250,0,0,0
2016_06_16_17_56_27,0250,0,12,0
2016_06_16_17_56_36,0250,0,12,0
2016_06_16_17_56_54,0250,0,0,0
2016_06_16_17_57_03,0250,0,0,0
2016_06_16_17_57_13,0250,0,0,0
2016_06_16_17_57_22,0250,0,0,0
2016_06_16_17_57_30,0250,0,0,0
2016_06_16_17_57_40,0250,0,0,0
2016_06_16_17_57_49,0250,0,0,0
2016_06_16_17_57_58,0250,0,0,0
2016_06_16_17_58_08,0250,0,0,0
2016_06_16_17_58_17,0250,0,0,0
2016_06_16_17_58_25,0250,0,0,0
2016_06_16_17_58_34,0250,0,0,0
2016_06_16_17_58_43,0250,0,12,0
2016_06_16_17_58_53,0250,0,0,0
2016_06_16_17_59_01,0250,0,0,0
2016_06_16_17_59_10,0250,0,0,0
2016_06_16_17_59_19,0250,0,0,0
2016_06_16_17_59_28,0250,0,0,0
2016_06_16_17_59_29,0250,0,0,0
2016_06_16_17_59_37,0250,0,0,0
2016_06_16_17_59_46,0250,0,0,0
