2016_06_16_20_36_15,0550,1,0,38
2016_06_16_20_36_24,0550,0,0,0
2016_06_16_20_36_33,0550,0,0,0
2016_06_16_20_36_43,0550,0,0,0
2016_06_16_20_36_52,0550,0,0,0
2016_06_16_20_37_02,0550,0,0,0
2016_06_16_20_37_11,0550,0,0,58
2016_06_16_20_37_20,0550,0,0,46
2016_06_16_20_37_28,0550,0,0,52
2016_06_16_20_37_38,0550,0,12,49
2016_06_16_20_37_47,0550,49,12,53
2016_06_16_20_37_56,0550,0,0,50
2016_06_16_20_38_06,0550,0,0,47
2016_06_16_20_38_15,0550,0,12,41
2016_06_16_20_38_26,0550,0,0,49
2016_06_16_20_38_33,0550,0,0,59
2016_06_16_20_38_52,0550,0,0,54
2016_06_16_20_39_01,0550,0,0,47
2016_06_16_20_39_10,0550,0,0,49
2016_06_16_20_39_20,0550,0,12,55
2016_06_16_20_39_29,0550,0,0,55
2016_06_16_20_39_38,0550,0,12,67
2016_06_16_20_39_47,0550,0,12,71
2016_06_16_20_39_57,0550,0,12,73
2016_06_16_20_40_06,0550,1,0,55
2016_06_16_20_40_15,0550,0,12,0
2016_06_16_20_40_25,0550,0,12,0
2016_06_16_20_40_33,0550,0,0,0
2016_06_16_20_40_43,0550,0,0,0
2016_06_16_20_40_53,0550,0,0,0
2016_06_16_20_41_01,0550,0,0,0
