2016_06_16_16_46_48,0550,1,0,30
2016_06_16_16_46_57,0550,0,0,0
2016_06_16_16_47_06,0550,0,0,0
2016_06_16_16_47_16,0550,0,0,0
2016_06_16_16_47_24,0550,0,0,0
2016_06_16_16_47_33,0550,0,12,0
2016_06_16_16_47_42,0550,12,0,57
2016_06_16_16_47_52,0550,1,12,51
2016_06_16_16_48_01,0550,1,12,51
2016_06_16_16_48_11,0550,1,24,61
2016_06_16_16_48_20,0550,1,12,82
2016_06_16_16_48_29,0550,1,12,118
2016_06_16_16_48_38,0550,118,12,81
2016_06_16_16_48_48,0550,1,12,69
2016_06_16_16_48_57,0550,1,0,99
2016_06_16_16_49_07,0550,1,12,100
2016_06_16_16_49_15,0550,1,0,81
2016_06_16_16_49_25,0550,1,0,66
2016_06_16_16_49_34,0550,1,12,59
2016_06_16_16_49_44,0550,1,12,60
2016_06_16_16_49_54,0550,1,0,49
2016_06_16_16_50_02,0550,1,0,53
2016_06_16_16_50_12,0550,1,12,50
2016_06_16_16_50_21,0550,1,12,38
2016_06_16_16_50_30,0550,1,0,52
2016_06_16_16_50_40,0550,1,12,55
2016_06_16_16_50_48,0550,0,0,57
2016_06_16_16_50_59,0550,0,0,0
2016_06_16_16_51_07,0550,0,0,0
2016_06_16_16_51_16,0550,0,0,0
2016_06_16_16_51_25,0550,0,12,75
2016_06_16_16_51_34,0550,0,0,85
