2016_06_16_17_23_03,0550,1,0,16
2016_06_16_17_23_13,0550,0,0,0
2016_06_16_17_23_23,0550,0,0,0
2016_06_16_17_23_31,0550,0,0,0
2016_06_16_17_23_40,0550,0,0,0
2016_06_16_17_23_49,0550,0,0,0
2016_06_16_17_23_59,0550,0,0,76
2016_06_16_17_24_13,0550,0,0,54
2016_06_16_17_24_18,0550,0,0,40
2016_06_16_17_24_26,0550,0,0,44
2016_06_16_17_24_35,0550,1,0,41
2016_06_16_17_24_45,0550,0,0,67
2016_06_16_17_24_54,0550,1,0,79
2016_06_16_17_25_03,0550,1,0,79
2016_06_16_17_25_13,0550,1,24,85
2016_06_16_17_25_22,0550,0,12,95
2016_06_16_17_25_31,0550,0,0,91
2016_06_16_17_25_42,0550,0,0,70
2016_06_16_17_25_50,0550,0,0,63
2016_06_16_17_25_59,0550,0,0,49
2016_06_16_17_26_08,0550,0,0,51
2016_06_16_17_26_19,0550,1,0,59
2016_06_16_17_26_28,0550,1,0,64
2016_06_16_17_26_36,0550,0,0,66
2016_06_16_17_26_46,0550,0,0,54
2016_06_16_17_26_55,0550,0,0,40
2016_06_16_17_27_04,0550,0,0,0
2016_06_16_17_27_14,0550,0,0,0
2016_06_16_17_27_24,0550,0,0,0
2016_06_16_17_27_32,0550,0,0,0
2016_06_16_17_27_41,0550,0,0,0
2016_06_16_17_27_50,0550,0,0,0
