2016_06_16_17_28_59,0550,1,0,23
2016_06_16_17_29_08,0550,0,0,0
2016_06_16_17_29_18,0550,0,0,0
2016_06_16_17_29_27,0550,0,0,0
2016_06_16_17_29_35,0550,0,0,0
2016_06_16_17_29_45,0550,0,0,0
2016_06_16_17_29_54,0550,1,0,64
2016_06_16_17_30_03,0550,1,0,50
2016_06_16_17_30_14,0550,1,0,61
2016_06_16_17_30_22,0550,1,0,72
2016_06_16_17_30_41,0550,1,0,107
2016_06_16_17_30_50,0550,1,12,95
2016_06_16_17_30_59,0550,1,0,72
2016_06_16_17_31_08,0550,1,0,61
2016_06_16_17_31_17,0550,61,0,74
2016_06_16_17_31_28,0550,1,12,66
2016_06_16_17_31_36,0550,1,0,54
2016_06_16_17_31_45,0550,1,12,49
2016_06_16_17_31_55,0550,0,0,46
2016_06_16_17_32_04,0550,1,0,45
2016_06_16_17_32_13,0550,0,12,50
2016_06_16_17_32_33,0550,1,12,58
2016_06_16_17_32_42,0550,1,0,49
2016_06_16_17_32_51,0550,0,0,48
2016_06_16_17_33_01,0550,0,0,0
2016_06_16_17_33_09,0550,0,0,0
2016_06_16_17_33_18,0550,0,0,0
2016_06_16_17_33_27,0550,0,0,0
2016_06_16_17_33_36,0550,0,0,0
2016_06_16_17_33_45,0550,0,0,0
