2016_06_16_17_41_35,0250,1,0,10
2016_06_16_17_41_44,0250,0,0,0
2016_06_16_17_41_54,0250,0,0,0
2016_06_16_17_42_02,0250,0,0,0
2016_06_16_17_42_12,0250,0,0,0
2016_06_16_17_42_21,0250,0,0,0
2016_06_16_17_42_29,0250,0,0,185
2016_06_16_17_42_38,0250,0,12,46
2016_06_16_17_42_47,0250,1,0,147
2016_06_16_17_42_57,0250,0,12,135
2016_06_16_17_43_06,0250,0,24,243
2016_06_16_17_43_16,0250,0,12,216
2016_06_16_17_43_52,0250,0,0,87
2016_06_16_17_44_02,0250,0,12,21
2016_06_16_17_44_10,0250,0,12,7
2016_06_16_17_44_19,0250,0,12,44
2016_06_16_17_44_28,0250,0,12,191
2016_06_16_17_44_47,0250,0,12,95
2016_06_16_17_45_15,0250,1,0,7
2016_06_16_17_45_23,0250,0,24,4
2016_06_16_17_45_32,0250,1,12,0
2016_06_16_17_45_41,0250,0,0,0
2016_06_16_17_45_50,0250,0,0,0
2016_06_16_17_45_59,0250,0,0,0
2016_06_16_17_46_08,0250,0,0,0
2016_06_16_17_46_17,0250,0,0,0
2016_06_16_17_46_26,0250,0,0,0
