2016_06_16_16_53_12,0550,1,0,9
2016_06_16_16_53_22,0550,0,0,0
2016_06_16_16_53_30,0550,0,0,0
2016_06_16_16_53_40,0550,0,0,0
2016_06_16_16_53_49,0550,0,0,0
2016_06_16_16_53_59,0550,0,0,0
2016_06_16_16_54_08,0550,0,0,0
2016_06_16_16_54_17,0550,0,0,0
2016_06_16_16_54_26,0550,0,0,47
2016_06_16_16_54_35,0550,0,0,0
2016_06_16_16_54_44,0550,0,0,0
2016_06_16_16_54_54,0550,0,0,0
2016_06_16_16_55_04,0550,0,0,0
2016_06_16_16_55_12,0550,0,0,0
2016_06_16_16_55_21,0550,0,0,55
2016_06_16_16_55_30,0550,0,0,0
2016_06_16_16_55_41,0550,0,0,0
2016_06_16_16_55_49,0550,0,0,0
2016_06_16_16_55_58,0550,0,0,0
2016_06_16_16_56_08,0550,0,0,0
2016_06_16_16_56_17,0550,0,0,0
2016_06_16_16_56_26,0550,0,0,0
2016_06_16_16_56_35,0550,0,0,0
2016_06_16_16_56_45,0550,0,0,0
2016_06_16_16_56_54,0550,0,0,0
2016_06_16_16_57_03,0550,0,0,46
2016_06_16_16_57_13,0550,0,0,0
2016_06_16_16_57_21,0550,0,0,0
2016_06_16_16_57_32,0550,0,0,0
2016_06_16_16_57_41,0550,0,0,0
2016_06_16_16_57_51,0550,0,0,0
2016_06_16_16_57_58,0550,0,0,0
