2016_06_16_17_15_56,0550,1,0,29
2016_06_16_17_16_05,0550,0,0,0
2016_06_16_17_16_14,0550,0,0,0
2016_06_16_17_16_24,0550,0,0,0
2016_06_16_17_16_33,0550,0,0,0
2016_06_16_17_16_52,0550,0,0,61
2016_06_16_17_17_01,0550,0,0,0
2016_06_16_17_17_10,0550,0,0,0
2016_06_16_17_17_28,0550,0,0,0
2016_06_16_17_17_47,0550,0,0,0
2016_06_16_17_17_56,0550,0,0,0
2016_06_16_17_18_16,0550,0,0,0
2016_06_16_17_18_24,0550,0,0,0
2016_06_16_17_18_33,0550,0,0,0
2016_06_16_17_18_42,0550,0,0,54
2016_06_16_17_18_52,0550,0,0,0
2016_06_16_17_19_02,0550,0,0,0
2016_06_16_17_19_11,0550,0,0,0
2016_06_16_17_19_19,0550,0,0,0
2016_06_16_17_19_29,0550,0,0,0
2016_06_16_17_19_38,0550,0,0,0
2016_06_16_17_19_47,0550,0,0,48
2016_06_16_17_19_56,0550,0,0,0
2016_06_16_17_20_06,0550,0,0,0
2016_06_16_17_20_25,0550,0,0,0
2016_06_16_17_20_34,0550,0,0,0
2016_06_16_17_20_43,0550,0,0,0
